{
 "cells": [
  {
   "cell_type": "markdown",
   "metadata": {},
   "source": [
    "Selecting values\n",
    ".loc - name[Row, Column]\n",
    ".iloc - index based[Row, Column]\n",
    ".at - name, but fast\n",
    ".iat - index based, but fast\n",
    " standard - [Column, Row]"
   ]
  },
  {
   "cell_type": "code",
   "execution_count": 1,
   "metadata": {},
   "outputs": [],
   "source": [
    "import pandas as pd\n",
    "import numpy as np"
   ]
  },
  {
   "cell_type": "code",
   "execution_count": 2,
   "metadata": {},
   "outputs": [
    {
     "data": {
      "text/html": [
       "<div>\n",
       "<style scoped>\n",
       "    .dataframe tbody tr th:only-of-type {\n",
       "        vertical-align: middle;\n",
       "    }\n",
       "\n",
       "    .dataframe tbody tr th {\n",
       "        vertical-align: top;\n",
       "    }\n",
       "\n",
       "    .dataframe thead th {\n",
       "        text-align: right;\n",
       "    }\n",
       "</style>\n",
       "<table border=\"1\" class=\"dataframe\">\n",
       "  <thead>\n",
       "    <tr style=\"text-align: right;\">\n",
       "      <th></th>\n",
       "      <th>c1</th>\n",
       "      <th>c2</th>\n",
       "      <th>c3</th>\n",
       "      <th>c4</th>\n",
       "      <th>c5</th>\n",
       "    </tr>\n",
       "  </thead>\n",
       "  <tbody>\n",
       "    <tr>\n",
       "      <th>a</th>\n",
       "      <td>-0.242531</td>\n",
       "      <td>-0.915449</td>\n",
       "      <td>1.054803</td>\n",
       "      <td>0.571301</td>\n",
       "      <td>1.144418</td>\n",
       "    </tr>\n",
       "    <tr>\n",
       "      <th>b</th>\n",
       "      <td>0.069462</td>\n",
       "      <td>-1.236128</td>\n",
       "      <td>-0.263953</td>\n",
       "      <td>-0.099008</td>\n",
       "      <td>-0.113786</td>\n",
       "    </tr>\n",
       "    <tr>\n",
       "      <th>c</th>\n",
       "      <td>1.402480</td>\n",
       "      <td>0.246314</td>\n",
       "      <td>-0.071168</td>\n",
       "      <td>-0.670243</td>\n",
       "      <td>0.853701</td>\n",
       "    </tr>\n",
       "    <tr>\n",
       "      <th>d</th>\n",
       "      <td>0.056593</td>\n",
       "      <td>0.652203</td>\n",
       "      <td>-1.524454</td>\n",
       "      <td>-1.690985</td>\n",
       "      <td>-2.184399</td>\n",
       "    </tr>\n",
       "    <tr>\n",
       "      <th>e</th>\n",
       "      <td>-1.305445</td>\n",
       "      <td>-0.951920</td>\n",
       "      <td>0.493872</td>\n",
       "      <td>-0.700566</td>\n",
       "      <td>-2.266955</td>\n",
       "    </tr>\n",
       "  </tbody>\n",
       "</table>\n",
       "</div>"
      ],
      "text/plain": [
       "         c1        c2        c3        c4        c5\n",
       "a -0.242531 -0.915449  1.054803  0.571301  1.144418\n",
       "b  0.069462 -1.236128 -0.263953 -0.099008 -0.113786\n",
       "c  1.402480  0.246314 -0.071168 -0.670243  0.853701\n",
       "d  0.056593  0.652203 -1.524454 -1.690985 -2.184399\n",
       "e -1.305445 -0.951920  0.493872 -0.700566 -2.266955"
      ]
     },
     "execution_count": 2,
     "metadata": {},
     "output_type": "execute_result"
    }
   ],
   "source": [
    "my_df = pd.DataFrame(np.random.randn(25).reshape((5, 5)), index=['a', 'b', 'c', 'd','e'], columns=['c1', 'c2', 'c3', 'c4', 'c5'])\n",
    "my_df"
   ]
  },
  {
   "cell_type": "code",
   "execution_count": 5,
   "metadata": {},
   "outputs": [
    {
     "data": {
      "text/html": [
       "<div>\n",
       "<style scoped>\n",
       "    .dataframe tbody tr th:only-of-type {\n",
       "        vertical-align: middle;\n",
       "    }\n",
       "\n",
       "    .dataframe tbody tr th {\n",
       "        vertical-align: top;\n",
       "    }\n",
       "\n",
       "    .dataframe thead th {\n",
       "        text-align: right;\n",
       "    }\n",
       "</style>\n",
       "<table border=\"1\" class=\"dataframe\">\n",
       "  <thead>\n",
       "    <tr style=\"text-align: right;\">\n",
       "      <th></th>\n",
       "      <th>c1</th>\n",
       "      <th>c2</th>\n",
       "      <th>c3</th>\n",
       "      <th>c4</th>\n",
       "      <th>c5</th>\n",
       "    </tr>\n",
       "  </thead>\n",
       "  <tbody>\n",
       "    <tr>\n",
       "      <th>e</th>\n",
       "      <td>-1.305445</td>\n",
       "      <td>-0.951920</td>\n",
       "      <td>0.493872</td>\n",
       "      <td>-0.700566</td>\n",
       "      <td>-2.266955</td>\n",
       "    </tr>\n",
       "    <tr>\n",
       "      <th>a</th>\n",
       "      <td>-0.242531</td>\n",
       "      <td>-0.915449</td>\n",
       "      <td>1.054803</td>\n",
       "      <td>0.571301</td>\n",
       "      <td>1.144418</td>\n",
       "    </tr>\n",
       "    <tr>\n",
       "      <th>d</th>\n",
       "      <td>0.056593</td>\n",
       "      <td>0.652203</td>\n",
       "      <td>-1.524454</td>\n",
       "      <td>-1.690985</td>\n",
       "      <td>-2.184399</td>\n",
       "    </tr>\n",
       "    <tr>\n",
       "      <th>b</th>\n",
       "      <td>0.069462</td>\n",
       "      <td>-1.236128</td>\n",
       "      <td>-0.263953</td>\n",
       "      <td>-0.099008</td>\n",
       "      <td>-0.113786</td>\n",
       "    </tr>\n",
       "    <tr>\n",
       "      <th>c</th>\n",
       "      <td>1.402480</td>\n",
       "      <td>0.246314</td>\n",
       "      <td>-0.071168</td>\n",
       "      <td>-0.670243</td>\n",
       "      <td>0.853701</td>\n",
       "    </tr>\n",
       "  </tbody>\n",
       "</table>\n",
       "</div>"
      ],
      "text/plain": [
       "         c1        c2        c3        c4        c5\n",
       "e -1.305445 -0.951920  0.493872 -0.700566 -2.266955\n",
       "a -0.242531 -0.915449  1.054803  0.571301  1.144418\n",
       "d  0.056593  0.652203 -1.524454 -1.690985 -2.184399\n",
       "b  0.069462 -1.236128 -0.263953 -0.099008 -0.113786\n",
       "c  1.402480  0.246314 -0.071168 -0.670243  0.853701"
      ]
     },
     "execution_count": 5,
     "metadata": {},
     "output_type": "execute_result"
    }
   ],
   "source": [
    "#ascending by default\n",
    "my_df.sort_values(by=['c1', 'c2'])"
   ]
  },
  {
   "cell_type": "code",
   "execution_count": 6,
   "metadata": {},
   "outputs": [
    {
     "data": {
      "text/html": [
       "<div>\n",
       "<style scoped>\n",
       "    .dataframe tbody tr th:only-of-type {\n",
       "        vertical-align: middle;\n",
       "    }\n",
       "\n",
       "    .dataframe tbody tr th {\n",
       "        vertical-align: top;\n",
       "    }\n",
       "\n",
       "    .dataframe thead th {\n",
       "        text-align: right;\n",
       "    }\n",
       "</style>\n",
       "<table border=\"1\" class=\"dataframe\">\n",
       "  <thead>\n",
       "    <tr style=\"text-align: right;\">\n",
       "      <th></th>\n",
       "      <th></th>\n",
       "      <th>c3</th>\n",
       "      <th>c4</th>\n",
       "      <th>c5</th>\n",
       "    </tr>\n",
       "    <tr>\n",
       "      <th>c1</th>\n",
       "      <th>c2</th>\n",
       "      <th></th>\n",
       "      <th></th>\n",
       "      <th></th>\n",
       "    </tr>\n",
       "  </thead>\n",
       "  <tbody>\n",
       "    <tr>\n",
       "      <th>-0.242531</th>\n",
       "      <th>-0.915449</th>\n",
       "      <td>1.054803</td>\n",
       "      <td>0.571301</td>\n",
       "      <td>1.144418</td>\n",
       "    </tr>\n",
       "    <tr>\n",
       "      <th>0.069462</th>\n",
       "      <th>-1.236128</th>\n",
       "      <td>-0.263953</td>\n",
       "      <td>-0.099008</td>\n",
       "      <td>-0.113786</td>\n",
       "    </tr>\n",
       "    <tr>\n",
       "      <th>1.402480</th>\n",
       "      <th>0.246314</th>\n",
       "      <td>-0.071168</td>\n",
       "      <td>-0.670243</td>\n",
       "      <td>0.853701</td>\n",
       "    </tr>\n",
       "    <tr>\n",
       "      <th>0.056593</th>\n",
       "      <th>0.652203</th>\n",
       "      <td>-1.524454</td>\n",
       "      <td>-1.690985</td>\n",
       "      <td>-2.184399</td>\n",
       "    </tr>\n",
       "    <tr>\n",
       "      <th>-1.305445</th>\n",
       "      <th>-0.951920</th>\n",
       "      <td>0.493872</td>\n",
       "      <td>-0.700566</td>\n",
       "      <td>-2.266955</td>\n",
       "    </tr>\n",
       "  </tbody>\n",
       "</table>\n",
       "</div>"
      ],
      "text/plain": [
       "                           c3        c4        c5\n",
       "c1        c2                                     \n",
       "-0.242531 -0.915449  1.054803  0.571301  1.144418\n",
       " 0.069462 -1.236128 -0.263953 -0.099008 -0.113786\n",
       " 1.402480  0.246314 -0.071168 -0.670243  0.853701\n",
       " 0.056593  0.652203 -1.524454 -1.690985 -2.184399\n",
       "-1.305445 -0.951920  0.493872 -0.700566 -2.266955"
      ]
     },
     "execution_count": 6,
     "metadata": {},
     "output_type": "execute_result"
    }
   ],
   "source": [
    "my_df.set_index(['c1', 'c2'])"
   ]
  },
  {
   "cell_type": "code",
   "execution_count": null,
   "metadata": {},
   "outputs": [],
   "source": []
  }
 ],
 "metadata": {
  "kernelspec": {
   "display_name": "Python 3",
   "language": "python",
   "name": "python3"
  },
  "language_info": {
   "codemirror_mode": {
    "name": "ipython",
    "version": 3
   },
   "file_extension": ".py",
   "mimetype": "text/x-python",
   "name": "python",
   "nbconvert_exporter": "python",
   "pygments_lexer": "ipython3",
   "version": "3.6.4"
  }
 },
 "nbformat": 4,
 "nbformat_minor": 2
}
